# Created by Octave 6.1.0, Wed Jun 23 12:30:12 2021 CEST <jonny@JonnysMcBookPro.fritz.box>
# name: rule
# type: scalar
224


