# Created by Octave 6.1.0, Sun Jun 20 14:03:34 2021 CEST <jonny@JonnysMcBookPro.fritz.box>
# name: neighborHood
# type: matrix
# rows: 8
# columns: 2
  1  0
  1 -1
  0 -1
 -1 -1
 -1  0
 -1  1
  0  1
  1  1
