# Created by Octave 6.1.0, Thu Jul 01 17:25:09 2021 CEST <jonny@JonnysMcBookPro>
# name: rule
# type: scalar
84


