# Created by Octave 6.1.0, Sun Jul 11 16:56:52 2021 CEST <jonny@JonnysMcBookPro>
# name: sub_windows
# type: matrix
# ndims: 3
 1 2 8
 1
 1
 -1
 -1
 -1
 1
 1
 -1
 0
 1
 0
 -1
 1
 0
 -1
 0


