# Created by Octave 6.1.0, Sun Jun 20 14:29:43 2021 CEST <jonny@JonnysMcBookPro.fritz.box>
# name: sub_windows
# type: matrix
# ndims: 3
 4 2 8
 1
 2
 2
 1
 1
 2
 1
 2
 -1
 -2
 -2
 -1
 -1
 -2
 -1
 -2
 -1
 -2
 -2
 -1
 1
 2
 1
 2
 1
 2
 2
 1
 -1
 -2
 -1
 -2
 0
 -1
 0
 1
 1
 2
 2
 2
 0
 -1
 0
 1
 -1
 -2
 -2
 -2
 1
 2
 2
 2
 0
 1
 0
 -1
 -1
 -2
 -2
 -2
 0
 1
 0
 -1


