# Created by Octave 6.1.0, Thu Jul 15 15:09:50 2021 CEST <jonny@JonnysMcBookPro.localdomain>
# name: rule
# type: scalar
16368


