# Rule discovered from  S. Amrogowicz, et al., An edge detection method using outer Totalistic Cellular Automata, Neurocomputing
(2016), http://dx.doi.org/10.1016/j.neucom.2016.05.092i
# Created by Octave 6.1.0, Wed Jun 23 12:30:12 2021 CEST <jonny@JonnysMcBookPro.fritz.box>
# name: rule
# type: scalar
832


