# Created by Octave 6.1.0, Thu Jul 01 15:21:36 2021 CEST <jonny@JonnysMcBookPro>
# name: patternLookupMatrix
# type: matrix
# rows: 1
# columns: 511
0 NaN 2 NaN 4 NaN 6 NaN 2 NaN 10 NaN 6 NaN 14 NaN 4 NaN 18 NaN 20 NaN 22 NaN 6 NaN 26 NaN 28 NaN 30 NaN 2 NaN 34 NaN 18 NaN 38 NaN 10 NaN 42 NaN 26 NaN 46 NaN 6 NaN 38 NaN 22 NaN 54 NaN 14 NaN 46 NaN 30 NaN 62 NaN 4 NaN 18 NaN 68 NaN 70 NaN 18 NaN 74 NaN 70 NaN 78 NaN 20 NaN 82 NaN 84 NaN 86 NaN 22 NaN 90 NaN 92 NaN 94 NaN 6 NaN 38 NaN 70 NaN 102 NaN 26 NaN 106 NaN 108 NaN 110 NaN 28 NaN 114 NaN 92 NaN 118 NaN 30 NaN 122 NaN 124 NaN 126 NaN 2 NaN 10 NaN 18 NaN 26 NaN 34 NaN 42 NaN 38 NaN 46 NaN 18 NaN 74 NaN 82 NaN 90 NaN 38 NaN 106 NaN 114 NaN 122 NaN 10 NaN 42 NaN 74 NaN 106 NaN 42 NaN 170 NaN 106 NaN 174 NaN 26 NaN 106 NaN 90 NaN 182 NaN 46 NaN 174 NaN 122 NaN 190 NaN 6 NaN 26 NaN 70 NaN 108 NaN 38 NaN 106 NaN 102 NaN 110 NaN 22 NaN 90 NaN 86 NaN 214 NaN 54 NaN 182 NaN 118 NaN 222 NaN 14 NaN 46 NaN 78 NaN 110 NaN 46 NaN 174 NaN 110 NaN 238 NaN 30 NaN 122 NaN 94 NaN 222 NaN 62 NaN 190 NaN 126 NaN 254 NaN 4 NaN 6 NaN 20 NaN 28 NaN 18 NaN 26 NaN 22 NaN 30 NaN 68 NaN 70 NaN 84 NaN 92 NaN 70 NaN 108 NaN 92 NaN 124 NaN 18 NaN 38 NaN 82 NaN 114 NaN 74 NaN 106 NaN 90 NaN 122 NaN 70 NaN 102 NaN 86 NaN 118 NaN 78 NaN 110 NaN 94 NaN 126 NaN 20 NaN 22 NaN 84 NaN 92 NaN 82 NaN 90 NaN 86 NaN 94 NaN 84 NaN 86 NaN 340 NaN 342 NaN 86 NaN 214 NaN 342 NaN 350 NaN 22 NaN 54 NaN 86 NaN 118 NaN 90 NaN 182 NaN 214 NaN 222 NaN 92 NaN 118 NaN 342 NaN 374 NaN 94 NaN 222 NaN 350 NaN 382 NaN 6 NaN 14 NaN 22 NaN 30 NaN 38 NaN 46 NaN 54 NaN 62 NaN 70 NaN 78 NaN 86 NaN 94 NaN 102 NaN 110 NaN 118 NaN 126 NaN 26 NaN 46 NaN 90 NaN 122 NaN 106 NaN 174 NaN 182 NaN 190 NaN 108 NaN 110 NaN 214 NaN 222 NaN 110 NaN 238 NaN 222 NaN 254 NaN 28 NaN 30 NaN 92 NaN 124 NaN 114 NaN 122 NaN 118 NaN 126 NaN 92 NaN 94 NaN 342 NaN 350 NaN 118 NaN 222 NaN 374 NaN 382 NaN 30 NaN 62 NaN 94 NaN 126 NaN 122 NaN 190 NaN 222 NaN 254 NaN 124 NaN 126 NaN 350 NaN 382 NaN 126 NaN 254 NaN 382 NaN 510


