# Created by Octave 6.1.0, Thu Jul 01 15:15:19 2021 CEST <jonny@JonnysMcBookPro>
# name: pattern_lookup_matrix
# type: matrix
# rows: 1
# columns: 512
 0 1 2 3 4 5 6 7 2 3 10 11 6 7 14 15 4 5 18 19 20 21 22 23 6 7 26 27 28 29 30 31 2 3 34 35 18 19 38 39 10 11 42 43 26 27 46 47 6 7 38 39 22 23 54 55 14 15 46 47 30 31 62 63 4 5 18 19 68 69 70 71 18 19 74 75 70 71 78 79 20 21 82 83 84 85 86 87 22 23 90 91 92 93 94 95 6 7 38 39 70 71 102 103 26 27 106 107 108 109 110 111 28 29 114 115 92 93 118 119 30 31 122 123 124 125 126 127 2 3 10 11 18 19 26 27 34 35 42 43 38 39 46 47 18 19 74 75 82 83 90 91 38 39 106 107 114 115 122 123 10 11 42 43 74 75 106 107 42 43 170 171 106 107 174 175 26 27 106 107 90 91 182 183 46 47 174 175 122 123 190 191 6 7 26 27 70 71 108 109 38 39 106 107 102 103 110 111 22 23 90 91 86 87 214 215 54 55 182 183 118 119 222 223 14 15 46 47 78 79 110 111 46 47 174 175 110 111 238 239 30 31 122 123 94 95 222 223 62 63 190 191 126 127 254 255 4 5 6 7 20 21 28 29 18 19 26 27 22 23 30 31 68 69 70 71 84 85 92 93 70 71 108 109 92 93 124 125 18 19 38 39 82 83 114 115 74 75 106 107 90 91 122 123 70 71 102 103 86 87 118 119 78 79 110 111 94 95 126 127 20 21 22 23 84 85 92 93 82 83 90 91 86 87 94 95 84 85 86 87 340 341 342 343 86 87 214 215 342 343 350 351 22 23 54 55 86 87 118 119 90 91 182 183 214 215 222 223 92 93 118 119 342 343 374 375 94 95 222 223 350 351 382 383 6 7 14 15 22 23 30 31 38 39 46 47 54 55 62 63 70 71 78 79 86 87 94 95 102 103 110 111 118 119 126 127 26 27 46 47 90 91 122 123 106 107 174 175 182 183 190 191 108 109 110 111 214 215 222 223 110 111 238 239 222 223 254 255 28 29 30 31 92 93 124 125 114 115 122 123 118 119 126 127 92 93 94 95 342 343 350 351 118 119 222 223 374 375 382 383 30 31 62 63 94 95 126 127 122 123 190 191 222 223 254 255 124 125 126 127 350 351 382 383 126 127 254 255 382 383 510 511


